0 3.3 1.1479696969696962 0.22906932718608122 1.59 0.384 0 0
10 2.7 1.1708148148148148 0.36168177511064603 2.415 0.384 1.1479696969696962 33
20 4 1.0841 0.24311322465057306 2.415 0.384 1.1582499999999996 60
30 3.3 1.0707272727272727 0.2023976393333516 2.415 0.384 1.1285899999999998 100
40 2.8 1.185928571428571 0.22023184675820753 2.415 0.384 1.1142330827067668 133
50 3.9 1.16525641025641 0.26293244895850887 2.415 0.384 1.126701863354037 161
60 3.3 1.180818181818182 0.24374918238190202 2.415 0.384 1.1342199999999998 200
70 2.7 1.0805185185185184 0.24785843784834133 2.415 0.384 1.1408197424892703 233
80 3.7 1.1990000000000003 0.2542419575384303 2.415 0.384 1.134557692307692 260
90 3.4 1.0924705882352936 0.2702413121304863 2.415 0.384 1.1425858585858584 297
100 2.9 1.0552068965517245 0.1815985301684299 2.415 0.384 1.1374380664652566 331
110 3.7 1.1625405405405407 0.24445522384390286 2.415 0.384 1.1308138888888886 360
120 3.4 1.156941176470588 0.2140090626415936 2.415 0.384 1.133770780856423 397
130 2.9 1.1834827586206897 0.23611330136619846 2.415 0.384 1.1355986078886309 431
140 3.7 1.1327837837837837 0.1964479348030559 2.415 0.384 1.1386173913043476 460
150 3.4 1.0706764705882355 0.24840594392199744 2.415 0.384 1.138183098591549 497
160 2.9 1.2776206896551727 0.28249142968911506 2.415 0.384 1.133860640301318 531
170 3.7 1.0957297297297295 0.20555983526190116 2.415 0.384 1.141305357142857 560
180 3.4 1.1079705882352944 0.16140695467451538 2.415 0.384 1.1384807370184256 597
190 2.9 1.1592068965517242 0.17306175483601322 2.415 0.384 1.1368367670364503 631
200 3.7 1.0428648648648653 0.20832889306200716 2.415 0.384 1.1378196969696972 660
210 3.6 1.2704722222222218 0.2643398996779116 2.415 0.384 1.1327790530846487 697
220 2.7 1.247592592592593 0.31238440934910555 2.415 0.384 1.1395416098226467 733
230 3.7 1.1442972972972973 0.28166300209550443 2.415 0.384 1.1433802631578949 760
240 3.6 1.0706388888888894 0.25567798245034035 2.415 0.384 1.143422835633626 797
250 2.7 1.123333333333333 0.2215248502070575 2.415 0.384 1.1402773109243696 833
260 3.7 1.205891891891892 0.24022880802378566 2.415 0.384 1.1397453488372091 860
270 3.6 1.1058333333333332 0.24513539342802193 2.415 0.384 1.1424738015607578 897
280 2.7 1.1676296296296296 0.27480998797797623 2.415 0.384 1.141060021436227 933
290 3.7 1.1198378378378375 0.2471542371610821 2.415 0.384 1.1418072916666664 960
292 0.3 1.015 0.20899920255031282 2.415 0.384 1.1409919759277831 997
