0 0.1 2.8208354312375223 0 2.8208354312375223 2.8208354312375223 0 0
10 0.1 1.2478053674441936 0.0 2.8208354312375223 1.2478053674441936 2.8208354312375223 1
20 0.1 2.459530681390388 0.0 2.8208354312375223 1.2478053674441936 2.034320399340858 2
30 0.1 0.965577779171108 0.0 2.8208354312375223 0.965577779171108 2.1760571600240346 3
40 0.1 0.9027647169456461 0.0 2.8208354312375223 0.9027647169456461 1.8734373148108028 4
50 0.1 1.3980314713811046 0.0 2.8208354312375223 0.9027647169456461 1.6793027952377713 5
60 0.1 0.9402030838661152 0.0 2.8208354312375223 0.9027647169456461 1.63242424126166 6
70 0.1 0.9460560115280998 0.0 2.8208354312375223 0.9027647169456461 1.5335355044908678 7
80 0.1 0.8403361344537815 0.0 2.8208354312375223 0.8403361344537815 1.460100567870522 8
90 0.1 0.9905335088709172 0.0 2.8208354312375223 0.8403361344537815 1.3912378530464398 9
100 0.1 0.8962707615167659 0.0 2.8208354312375223 0.8403361344537815 1.3511674186288876 10
110 0.1 0.8711456505389822 0.0 2.8208354312375223 0.8403361344537815 1.30981317707324 11
120 0.1 0.8962145901228378 0.0 2.8208354312375223 0.8403361344537815 1.2732575498620518 12
130 0.1 1.4792528519493544 0.0 2.8208354312375223 0.8403361344537815 1.2442542452667276 13
140 0.1 0.8841234010534237 0.0 2.8208354312375223 0.8403361344537815 1.2610398600297723 14
150 0.1 1.1471196640130383 0.0 2.8208354312375223 0.8403361344537815 1.2359120960980157 15
160 0.1 1.0095942810559981 0.0 2.8208354312375223 0.8403361344537815 1.2303625690927045 16
170 0.1 0.8965517241379309 0.0 2.8208354312375223 0.8403361344537815 1.2173761992081924 17
180 0.1 0.7460347313648047 0.0 2.8208354312375223 0.7460347313648047 1.1995526172598447 18
190 0.1 0.7830117764971185 0.0 2.8208354312375223 0.7460347313648047 1.1756832548443163 19
200 0.1 1.2288401253918495 0.0 2.8208354312375223 0.7460347313648047 1.1560496809269565 20
210 0.1 0.8212651244436086 0.0 2.8208354312375223 0.7460347313648047 1.159515892568142 21
220 0.1 0.8274824473420261 0.0 2.8208354312375223 0.7460347313648047 1.1441408576533905 22
230 0.1 1.5674963947582923 0.0 2.8208354312375223 0.7460347313648047 1.130373100683331 23
240 0.1 1.2668548134211353 0.0 2.8208354312375223 0.7460347313648047 1.1485865712697878 24
250 0.1 1.1707988980716253 0.0 2.8208354312375223 0.7460347313648047 1.1533173009558417 25
260 0.1 0.9516654144753318 0.0 2.8208354312375223 0.7460347313648047 1.1539896700756795 26
270 0.1 1.5354725495111556 0.0 2.8208354312375223 0.7460347313648047 1.1464961791275186 27
280 0.1 1.6616503636819664 0.0 2.8208354312375223 0.7460347313648047 1.1603881923555055 28
290 0.1 1.3356744215212892 0.0 2.8208354312375223 0.7460347313648047 1.1776730948150387 29
292 0.1 2.369578881206788 0.0 2.8208354312375223 0.7460347313648047 1.182939805705247 30
