0 0.1 9808.515625 0 9808.515625 9808.515625 0 0
10 0.1 9836.359375 0.0 9836.359375 9808.515625 9808.515625 1
20 0.1 9853.7578125 0.0 9853.7578125 9808.515625 9822.4375 2
30 0.1 9878.84765625 0.0 9878.84765625 9808.515625 9832.877604166666 3
40 0.1 9864.85546875 0.0 9878.84765625 9808.515625 9844.3701171875 4
50 0.1 9881.0859375 0.0 9881.0859375 9808.515625 9848.4671875 5
60 0.1 9885.265625 0.0 9885.265625 9808.515625 9853.903645833334 6
70 0.1 9885.46484375 0.0 9885.46484375 9808.515625 9858.38392857143 7
80 0.1 9900.14453125 0.0 9900.14453125 9808.515625 9861.76904296875 8
90 0.1 9897.21875 0.0 9900.14453125 9808.515625 9866.032986111111 9
100 0.1 9893.796875 0.0 9900.14453125 9808.515625 9869.1515625 10
110 0.1 9896.98828125 0.0 9900.14453125 9808.515625 9871.392045454546 11
120 0.1 9896.0390625 0.0 9900.14453125 9808.515625 9873.525065104166 12
130 0.1 9896.5390625 0.0 9900.14453125 9808.515625 9875.256911057691 13
140 0.1 9895.22265625 0.0 9900.14453125 9808.515625 9876.777064732143 14
150 0.1 9887.33203125 0.0 9900.14453125 9808.515625 9878.006770833334 15
160 0.1 9891.984375 0.0 9900.14453125 9808.515625 9878.589599609375 16
170 0.1 9899.55078125 0.0 9900.14453125 9808.515625 9879.37752757353 17
180 0.1 9896.19140625 0.0 9900.14453125 9808.515625 9880.498263888889 18
190 0.1 9897.54296875 0.0 9900.14453125 9808.515625 9881.32421875 19
200 0.1 9902.38671875 0.0 9902.38671875 9808.515625 9882.13515625 20
210 0.1 9902.2734375 0.0 9902.38671875 9808.515625 9883.099516369048 21
220 0.1 9903.52734375 0.0 9903.52734375 9808.515625 9883.971058238636 22
230 0.1 9838.55859375 0.0 9903.52734375 9808.515625 9884.82133152174 23
240 0.1 9810.9375 0.0 9903.52734375 9808.515625 9882.893717447918 24
250 0.1 9817.4453125 0.0 9903.52734375 9808.515625 9880.015468750002 25
260 0.1 9818.78125 0.0 9903.52734375 9808.515625 9877.608924278848 26
270 0.1 9797.08203125 0.0 9903.52734375 9797.08203125 9875.430121527777 27
280 0.1 9820.11328125 0.0 9903.52734375 9797.08203125 9872.63197544643 28
290 0.1 9824.1015625 0.0 9903.52734375 9797.08203125 9870.820985991379 29
292 0.1 9785.87890625 0.0 9903.52734375 9785.87890625 9869.263671875 30
