0 0.1 0.91015625 0 0.91015625 0.91015625 0 0
10 0.1 0.76953125 0.0 0.91015625 0.76953125 0.91015625 1
20 0.1 0.6484375 0.0 0.91015625 0.6484375 0.83984375 2
30 0.1 0.55078125 0.0 0.91015625 0.55078125 0.7760416666666666 3
40 0.1 0.5390625 0.0 0.91015625 0.5390625 0.7197265625 4
50 0.1 0.4609375 0.0 0.91015625 0.4609375 0.68359375 5
60 0.1 0.390625 0.0 0.91015625 0.390625 0.646484375 6
70 0.1 0.328125 0.0 0.91015625 0.328125 0.6099330357142857 7
80 0.1 0.359375 0.0 0.91015625 0.328125 0.57470703125 8
90 0.1 0.30078125 0.0 0.91015625 0.30078125 0.55078125 9
100 0.1 0.26171875 0.0 0.91015625 0.26171875 0.52578125 10
110 0.1 0.21875 0.0 0.91015625 0.21875 0.5017755681818182 11
120 0.1 0.26171875 0.0 0.91015625 0.21875 0.47819010416666674 12
130 0.1 0.30078125 0.0 0.91015625 0.21875 0.4615384615384616 13
140 0.1 0.25 0.0 0.91015625 0.21875 0.45005580357142866 14
150 0.1 0.2109375 0.0 0.91015625 0.2109375 0.43671875000000004 15
160 0.1 0.1796875 0.0 0.91015625 0.1796875 0.42260742187500006 16
170 0.1 0.1484375 0.0 0.91015625 0.1484375 0.4083180147058824 17
180 0.1 0.12890625 0.0 0.91015625 0.12890625 0.39388020833333337 18
190 0.1 0.1796875 0.0 0.91015625 0.12890625 0.3799342105263158 19
200 0.1 0.1484375 0.0 0.91015625 0.12890625 0.36992187500000007 20
210 0.1 0.12890625 0.0 0.91015625 0.12890625 0.3593750000000001 21
220 0.1 0.109375 0.0 0.91015625 0.109375 0.3488991477272729 22
230 0.1 0.171875 0.0 0.91015625 0.109375 0.3384850543478262 23
240 0.1 0.1484375 0.0 0.91015625 0.109375 0.3315429687500001 24
250 0.1 0.12109375 0.0 0.91015625 0.109375 0.32421875000000017 25
260 0.1 0.26171875 0.0 0.91015625 0.109375 0.3164062500000001 26
270 0.1 0.37109375 0.0 0.91015625 0.109375 0.31438078703703715 27
280 0.1 0.390625 0.0 0.91015625 0.109375 0.3164062500000001 28
290 0.1 0.328125 0.0 0.91015625 0.109375 0.31896551724137945 29
292 0.1 0.28125 0.0 0.91015625 0.109375 0.31927083333333345 30
