0 3.3 279.6622727272727 483.0552921298795 1368.662 3.143 0 0
10 2.7 4.938370370370371 1.1500937851660795 1368.662 3.143 279.6622727272727 33
20 4 6.994099999999999 9.34982456733815 1368.662 2.979 156.03651666666664 60
30 3.3 4.493393939393937 0.9125224427092831 1368.662 2.979 96.41954999999999 100
40 2.7 4.580000000000001 0.9158305681891327 1368.662 2.979 73.61080451127818 133
50 4 10.795825 12.560718567995027 1368.662 2.979 61.96185624999998 160
60 3.3 4.877515151515151 0.856417772635285 1368.662 2.979 51.72864999999999 200
70 2.7 4.619222222222223 0.8740060739399644 1368.662 2.89 45.09308154506437 233
80 3.7 6.907081081081079 6.688753317276083 1368.662 2.89 40.89002692307691 260
90 3.4 8.782852941176472 10.197512101812336 1368.662 2.89 36.65646127946127 297
100 2.9 4.284241379310343 0.7125363465706883 1368.662 2.89 33.79331117824773 331
110 3.7 4.424648648648648 0.9352496766282835 1368.662 2.89 31.41619166666666 360
120 3.4 5.01744117647059 0.9501165003234349 1368.662 2.89 28.90060705289672 397
130 2.9 7.25851724137931 7.635237401727415 1368.662 2.89 27.016552204176328 431
140 3.7 4.6057567567567546 1.0030729381311723 1368.662 2.89 25.770936956521734 460
150 3.4 4.473411764705881 0.9182385348701155 1368.662 2.89 24.19525955734406 497
160 2.9 4.937758620689654 0.8430373107124438 1368.662 2.89 22.932467043314496 531
170 3.7 4.055837837837837 0.5407778938346037 1368.662 2.89 22.00059821428571 560
180 3.4 4.180911764705884 0.4841854510805361 1368.662 2.89 20.88844388609715 597
190 2.9 4.473206896551723 0.6538219402923175 1368.662 2.89 19.98819651347068 631
200 3.7 4.239702702702702 0.6568163948008466 1368.662 2.89 19.30647727272727 660
210 3.6 6.448861111111112 4.024544813135034 1368.662 2.89 18.506662840746056 697
220 2.7 8.697777777777773 10.546212475587948 1368.662 2.89 17.914465211459756 733
230 3.7 6.028486486486488 5.513396645820226 1368.662 2.89 17.587030263157896 760
240 3.4 10.362470588235295 12.868248327330368 1368.662 2.89 17.05043538268507 797
250 2.9 4.409655172413794 0.8214857975502039 1368.662 2.89 16.77680024067389 831
260 3.7 5.09772972972973 0.9037689446602815 1368.662 2.89 16.359768604651165 860
270 3.6 4.847083333333334 1.0941429770220465 1368.662 2.89 15.895225195094762 897
280 2.7 4.704 0.7952393536726095 1368.662 2.89 15.468930332261525 933
290 3.7 6.450297297297297 7.762970613718188 1368.662 2.89 15.166166666666669 960
292 0.3 5.498333333333334 0.5089075445391715 1368.662 2.89 14.842709127382149 997
