0 5.4859375 5.4859375
10 4.49140625 9.97734375
20 6.65078125 16.628125
30 5.48984375 22.11796875
40 4.4921875 26.61015625
50 6.6421875 33.25234375
60 5.48828125 38.740625
70 4.490625 43.23125
80 6.1546875 49.3859375
90 5.65 55.0359375
100 4.82109375 59.85703125
110 6.15234375 66.009375
120 5.65546875 71.66484375
130 4.8203125 76.48515625
140 6.15390625 82.6390625
150 5.65546875 88.29453125
160 4.8234375 93.11796875
170 6.15390625 99.271875
180 5.6546875 104.9265625
190 4.81953125 109.74609375
200 6.1515625 115.89765625
210 5.98671875 121.884375
220 4.48671875 126.37109375
230 6.15390625 132.525
240 5.64921875 138.17421875
250 4.8203125 142.99453125
260 6.1546875 149.14921875
270 5.98671875 155.1359375
280 4.4890625 159.625
290 6.15078125 165.77578125
292 0.49453125 166.2703125
