0 3.3 279.9361515151516 482.9970087503285 1368.911 3.243 0 0
10 2.7 5.108259259259261 1.1777291266448324 1368.911 3.235 279.9361515151516 33
20 4 7.138150000000001 9.393163518085906 1368.911 3.027 156.26360000000008 60
30 3.3 4.61927272727273 0.9178863160850577 1368.911 3.027 96.61342000000005 100
40 2.7 4.739999999999999 0.9087887339546872 1368.911 3.027 73.78780451127822 133
50 4 10.972399999999997 12.573849976836849 1368.911 3.027 62.13598750000002 160
60 3.3 5.01587878787879 0.8897909103241621 1368.911 3.027 51.90327000000002 200
70 2.7 4.778518518518518 0.8897346824827164 1368.911 3.027 45.262566523605166 233
80 3.7 7.0342702702702695 6.7013796064434885 1368.911 3.027 41.05845384615386 260
90 3.4 8.930352941176473 10.213093547824233 1368.911 3.027 36.81975084175085 297
100 2.9 4.41710344827586 0.7300843760792349 1368.911 3.027 33.95497885196376 331
110 3.7 4.56245945945946 0.9491603286260679 1368.911 3.027 31.575538888888897 360
120 3.4 5.16155882352941 0.9518200272041197 1368.911 3.027 29.057947103274568 397
130 2.9 7.426 7.631453682644274 1368.911 3.027 27.172849187935043 431
140 3.7 4.735081081081082 1.0047963993947577 1368.911 3.027 25.927939130434787 460
150 3.4 4.607911764705882 0.9358575296186618 1368.911 3.027 24.350201207243465 497
160 2.9 5.131137931034482 0.8443347401290693 1368.911 3.027 23.08609981167609 531
170 3.7 4.203972972972971 0.5520607823217005 1368.911 3.027 22.15628928571429 560
180 3.4 4.3401176470588245 0.4751918352379558 1368.911 3.027 21.04366666666667 597
190 2.9 4.627551724137932 0.6531943569981822 1368.911 3.027 20.143633914421557 631
200 3.7 4.381324324324323 0.6627743105353622 1368.911 3.027 19.46186666666667 660
210 3.6 6.628305555555555 4.03824577439432 1368.911 3.027 18.661321377331426 697
220 2.7 8.87362962962963 10.5580575273918 1368.911 3.02 18.07034106412006 733
230 3.7 6.174135135135135 5.514939043852993 1368.911 3.02 17.74361578947369 760
240 3.4 10.497882352941176 12.867006018049112 1368.911 3.02 17.20651317440402 797
250 2.9 4.583586206896553 0.8527633183076827 1368.911 3.02 16.932032490974734 831
260 3.7 5.263567567567568 0.8875244812928166 1368.911 3.02 16.515631395348844 860
270 3.6 4.993638888888889 1.1025324422734382 1368.911 3.02 16.051499442586408 897
280 2.7 4.8775925925925945 0.8495158647074076 1368.911 3.02 15.624829581993579 933
290 3.7 6.594729729729728 7.77272777138342 1368.911 3.02 15.322563541666677 960
292 0.3 5.636333333333334 0.5475912912220409 1368.911 3.02 14.998661985957883 997
