0 2.5 54.33560000000001 69.6392986960667 304.056 8.748 0 0
10 3.3 38.94390909090909 32.62624155432912 304.056 6.11 54.33560000000001 25
20 3.2 32.00259374999998 50.75817784656686 304.056 6.11 45.57825862068965 58
30 3.2 22.446 14.186853013882255 304.056 6.11 40.75135555555555 90
40 3.4 37.521617647058825 29.343125003006094 304.056 6.11 35.949950819672125 122
50 3.1 21.652419354838706 12.625327252926807 304.056 6.11 36.292493589743586 156
60 3.5 26.56865714285714 15.271067957682702 304.056 6.11 33.865529411764705 187
70 3.3 26.11990909090909 23.76597199889669 304.056 6.11 32.71512162162162 222
80 3.2 23.122656250000002 11.204361242417434 304.056 6.11 31.861623529411766 255
90 3.5 31.999457142857143 21.254071614422973 304.056 6.11 30.88724390243902 287
100 3 41.61076666666668 64.95117182863002 304.056 6.052 31.00813664596273 322
110 3.5 46.18708571428571 42.24984456192636 304.056 6.052 31.911769886363633 352
120 3.5 23.57114285714285 11.8988401599072 304.056 6.052 33.20281912144702 387
130 3 26.43893333333334 16.080035240287533 304.056 6.052 32.40398341232227 422
140 3.4 82.9250882352941 75.26866756038493 310.801 6.052 32.00807300884955 452
150 3.4 50.55382352941177 53.64782389779531 310.801 6.052 35.570168724279824 486
160 3.2 40.430125000000004 42.97963088614623 310.801 6.052 36.549869230769225 520
170 3.3 29.420848484848477 33.39288923410619 310.801 6.052 36.774811594202895 552
180 3.5 24.56014285714286 25.748099369682038 310.801 5.963 36.35997264957264 585
190 3.2 27.434718749999995 16.582768752975134 310.801 5.963 35.69385322580644 620
200 3.3 27.3779393939394 19.659925385874313 310.801 5.963 35.28849693251533 652
210 3.1 44.34158064516129 39.49322556997485 310.801 5.963 34.90740437956204 685
220 3.6 30.26449999999999 24.52148557501269 310.801 5.963 35.31586731843575 716
230 3.2 21.321906250000005 19.65051065233321 310.801 5.963 35.07404654255319 752
240 3.2 40.87446874999999 40.96522739164307 310.801 5.963 34.512734693877555 784
250 3.4 19.591088235294116 12.24299123957109 310.801 5.912 34.76221446078432 816
260 3.4 17.62023529411764 9.188162605346282 310.801 5.912 34.15536941176471 850
270 3.2 23.292343749999997 14.679064231945642 310.801 5.912 33.51940271493213 884
280 3.1 39.548612903225795 56.23528142498204 310.801 5.912 33.16212554585153 916
290 3.5 20.074857142857145 11.128652528220906 310.801 5.912 33.37118690601901 947
292 0.5 21.2892 5.787231372599511 310.801 5.912 32.8972851323829 982
