0 0.1 2.804388777026584 0 2.804388777026584 2.804388777026584 0 0
10 0.1 0.6011271133375079 0.0 2.804388777026584 0.6011271133375079 2.804388777026584 1
20 0.1 0.35081125101797905 0.0 2.804388777026584 0.35081125101797905 1.7027579451820458 2
30 0.1 0.36944270507201 0.0 2.804388777026584 0.35081125101797905 1.2521090471273568 3
40 0.1 0.5950516755402443 0.0 2.804388777026584 0.35081125101797905 1.03144246161352 4
50 0.1 0.4445279238667668 0.0 2.804388777026584 0.35081125101797905 0.9441643043988648 5
60 0.1 0.4568496151198448 0.0 2.804388777026584 0.35081125101797905 0.8608915743101818 6
70 0.1 0.8281053952321205 0.0 2.804388777026584 0.35081125101797905 0.803171294425848 7
80 0.1 2.3833480065400576 0.0 2.804388777026584 0.35081125101797905 0.8062880570266321 8
90 0.1 0.5133663056407688 0.0 2.804388777026584 0.35081125101797905 0.9815169403059016 9
100 0.1 0.3442879499217527 0.0 2.804388777026584 0.3442879499217527 0.9347018768393884 10
110 0.1 0.40057582775239403 0.0 2.804388777026584 0.3442879499217527 0.8810278834832398 11
120 0.1 0.33191382765531063 0.0 2.804388777026584 0.33191382765531063 0.8409902121723359 12
130 0.1 0.31938877755511025 0.0 2.804388777026584 0.31938877755511025 0.8018304902864108 13
140 0.1 0.35050384928334477 0.0 2.804388777026584 0.31938877755511025 0.7673703679484608 14
150 0.1 0.3691884112383455 0.0 2.804388777026584 0.31938877755511025 0.7395792667041197 15
160 0.1 0.34439574201628054 0.0 2.804388777026584 0.31938877755511025 0.7164298382375088 16
170 0.1 0.3318722604884158 0.0 2.804388777026584 0.31938877755511025 0.6945454796362601 17
180 0.1 0.6072367597345686 0.0 2.804388777026584 0.31938877755511025 0.6743969674613798 18
190 0.1 0.319348778960551 0.0 2.804388777026584 0.319348778960551 0.6708622196862845 19
200 0.1 0.29424654103800163 0.0 2.804388777026584 0.29424654103800163 0.6532865476499977 20
210 0.1 0.33804933016151245 0.0 2.804388777026584 0.29424654103800163 0.6361894044779979 21
220 0.1 0.3379012577435705 0.0 2.804388777026584 0.29424654103800163 0.6226375829181576 22
230 0.1 0.37546933667083854 0.0 2.804388777026584 0.29424654103800163 0.6102577426931756 23
240 0.1 0.31922884326489737 0.0 2.804388777026584 0.29424654103800163 0.6004748924422448 24
250 0.1 0.35056967572305 0.0 2.804388777026584 0.29424654103800163 0.589225050475151 25
260 0.1 0.35052578868302453 0.0 2.804388777026584 0.29424654103800163 0.5800459976000701 26
270 0.1 0.45084533500313084 0.0 2.804388777026584 0.29424654103800163 0.571545249121661 27
280 0.1 0.3945885005636978 0.0 2.804388777026584 0.29424654103800163 0.5672345379031422 28
290 0.1 0.3320177911420159 0.0 2.804388777026584 0.29424654103800163 0.5612812262707475 29
292 0.1 0.3569415743002066 0.0 2.804388777026584 0.29424654103800163 0.5536391117664564 30
