0 0.1 8747.2734375 0 8747.2734375 8747.2734375 0 0
10 0.1 8775.90234375 0.0 8775.90234375 8747.2734375 8747.2734375 1
20 0.1 8784.15234375 0.0 8784.15234375 8747.2734375 8761.587890625 2
30 0.1 8782.48828125 0.0 8784.15234375 8747.2734375 8769.109375 3
40 0.1 8786.73046875 0.0 8786.73046875 8747.2734375 8772.4541015625 4
50 0.1 8784.15234375 0.0 8786.73046875 8747.2734375 8775.309375 5
60 0.1 8780.671875 0.0 8786.73046875 8747.2734375 8776.783203125 6
70 0.1 8761.51171875 0.0 8786.73046875 8747.2734375 8777.33872767857 7
80 0.1 8773.58203125 0.0 8786.73046875 8747.2734375 8775.3603515625 8
90 0.1 8793.59765625 0.0 8793.59765625 8747.2734375 8775.162760416666 9
100 0.1 8792.50390625 0.0 8793.59765625 8747.2734375 8777.00625 10
110 0.1 8792.83203125 0.0 8793.59765625 8747.2734375 8778.41512784091 11
120 0.1 8792.87890625 0.0 8793.59765625 8747.2734375 8779.616536458334 12
130 0.1 8790.70703125 0.0 8793.59765625 8747.2734375 8780.63671875 13
140 0.1 8794.12109375 0.0 8794.12109375 8747.2734375 8781.356026785714 14
150 0.1 8794.76171875 0.0 8794.76171875 8747.2734375 8782.20703125 15
160 0.1 8793.8203125 0.0 8794.76171875 8747.2734375 8782.99169921875 16
170 0.1 8797.171875 0.0 8797.171875 8747.2734375 8783.628676470587 17
180 0.1 8783.20703125 0.0 8797.171875 8747.2734375 8784.381076388889 18
190 0.1 8790.34375 0.0 8797.171875 8747.2734375 8784.319284539473 19
200 0.1 8791.48828125 0.0 8797.171875 8747.2734375 8784.6205078125 20
210 0.1 8792.33984375 0.0 8797.171875 8747.2734375 8784.947544642857 21
220 0.1 8792.6484375 0.0 8797.171875 8747.2734375 8785.283558238636 22
230 0.1 8792.87890625 0.0 8797.171875 8747.2734375 8785.603770380434 23
240 0.1 8792.1328125 0.0 8797.171875 8747.2734375 8785.906901041666 24
250 0.1 8793.5234375 0.0 8797.171875 8747.2734375 8786.1559375 25
260 0.1 8792.65625 0.0 8797.171875 8747.2734375 8786.439302884615 26
270 0.1 8780.609375 0.0 8797.171875 8747.2734375 8786.669560185184 27
280 0.1 8786.71484375 0.0 8797.171875 8747.2734375 8786.453124999998 28
290 0.1 8790.515625 0.0 8797.171875 8747.2734375 8786.46214978448 29
292 0.1 8789.8359375 0.0 8797.171875 8747.2734375 8786.597265624996 30
