0 0.1 0.8203125 0 0.8203125 0.8203125 0 0
10 0.1 0.69140625 0.0 0.8203125 0.69140625 0.8203125 1
20 0.1 0.58984375 0.0 0.8203125 0.58984375 0.755859375 2
30 0.1 0.5 0.0 0.8203125 0.5 0.7005208333333334 3
40 0.1 0.421875 0.0 0.8203125 0.421875 0.650390625 4
50 0.1 0.359375 0.0 0.8203125 0.359375 0.6046875 5
60 0.1 0.30078125 0.0 0.8203125 0.30078125 0.5638020833333334 6
70 0.1 0.25 0.0 0.8203125 0.25 0.5262276785714286 7
80 0.1 0.2109375 0.0 0.8203125 0.2109375 0.49169921875 8
90 0.1 0.1796875 0.0 0.8203125 0.1796875 0.4605034722222222 9
100 0.1 0.1484375 0.0 0.8203125 0.1484375 0.432421875 10
110 0.1 0.12890625 0.0 0.8203125 0.12890625 0.40660511363636365 11
120 0.1 0.109375 0.0 0.8203125 0.109375 0.3834635416666667 12
130 0.1 0.171875 0.0 0.8203125 0.109375 0.3623798076923077 13
140 0.1 0.140625 0.0 0.8203125 0.109375 0.34877232142857145 14
150 0.1 0.12109375 0.0 0.8203125 0.109375 0.33489583333333334 15
160 0.1 0.1015625 0.0 0.8203125 0.1015625 0.321533203125 16
170 0.1 0.171875 0.0 0.8203125 0.1015625 0.30859375 17
180 0.1 0.140625 0.0 0.8203125 0.1015625 0.3009982638888889 18
190 0.1 0.12109375 0.0 0.8203125 0.1015625 0.2925575657894737 19
200 0.1 0.171875 0.0 0.8203125 0.1015625 0.283984375 20
210 0.1 0.23046875 0.0 0.8203125 0.1015625 0.2786458333333333 21
220 0.1 0.19140625 0.0 0.8203125 0.1015625 0.2764559659090909 22
230 0.1 0.16015625 0.0 0.8203125 0.1015625 0.272758152173913 23
240 0.1 0.140625 0.0 0.8203125 0.1015625 0.26806640625 24
250 0.1 0.109375 0.0 0.8203125 0.1015625 0.26296875 25
260 0.1 0.1015625 0.0 0.8203125 0.1015625 0.257061298076923 26
270 0.1 0.078125 0.0 0.8203125 0.078125 0.25130208333333326 27
280 0.1 0.0703125 0.0 0.8203125 0.0703125 0.24511718749999994 28
290 0.1 0.05859375 0.0 0.8203125 0.05859375 0.23908943965517235 29
292 0.1 0.19921875 0.0 0.8203125 0.05859375 0.2330729166666666 30
