0 2.5 320.751 379.9571278492351 1248.17 20.331 0 0
10 3.3 62.920787878787905 34.667343017083034 1248.17 17.59 320.751 25
20 3.2 47.06859375 63.967905228842774 1248.17 15.58 174.0545 58
30 3.2 35.388031250000004 14.108270430151011 1248.17 15.58 128.90395555555554 90
40 3.4 56.78723529411764 34.325500378563376 1248.17 15.58 104.37518852459014 122
50 3.1 33.52706451612903 13.569737371018581 1248.17 15.58 94.0034551282051 156
60 3.5 43.38459999999999 32.979594640322674 1248.17 13.567 83.97795721925132 187
70 3.3 51.415727272727274 36.53209607361286 1248.17 13.567 77.57810360360358 222
80 3.2 35.763281249999984 12.391071037329601 1248.17 13.567 74.19238431372548 255
90 3.5 47.08188571428571 23.651263392133657 1248.17 13.567 69.90760627177698 287
100 3 53.84753333333333 69.10892558550033 1248.17 13.567 67.42654968944098 322
110 3.5 59.94925714285715 41.21493754477363 1248.17 13.567 66.2692471590909 352
120 3.5 44.637485714285724 30.785855145663827 1248.17 13.567 65.69767183462531 387
130 3 44.279999999999994 19.24164241603784 1248.17 13.567 63.95097393364929 422
140 3.4 101.41138235294116 76.49565687056808 1248.17 13.567 62.64537831858407 452
150 3.4 87.8586764705882 77.4718273433946 1248.17 13.567 65.35740329218108 486
160 3.2 75.36690625000003 65.58154970738693 1248.17 13.567 66.8286403846154 520
170 3.3 43.36406060606061 34.86666808210733 1248.17 13.567 67.32361231884059 552
180 3.3 41.70221212121211 26.42341141781289 1248.17 13.567 65.97204786324788 585
190 3.4 39.47994117647058 16.69664047036229 1248.17 13.567 64.67608576051782 618
200 3.3 41.274969696969684 23.689091819685828 1248.17 13.567 63.36217638036811 652
210 3.1 63.6770322580645 43.898137605791696 1248.17 13.567 62.298121167883224 685
220 3.6 42.61122222222223 24.048059213803864 1248.17 13.567 62.35782262569833 716
230 3.2 39.059406249999995 26.362430379068066 1248.17 13.567 61.41250664893618 752
240 3.2 51.29265625 40.25558422645342 1248.17 13.567 60.500135204081644 784
250 3.4 38.445852941176476 18.155981942651934 1248.17 13.567 60.13905759803922 816
260 3.4 33.94902941176471 12.642969998441343 1248.17 13.567 59.27132941176471 850
270 3.2 39.96896875000001 15.456558473436878 1248.17 13.567 58.2973947963801 884
280 3.1 68.01090322580647 97.57036344768434 1248.17 13.567 57.657100436681226 916
290 3.5 34.64334285714286 16.530444997800455 1248.17 13.567 57.99603167898628 947
292 0.5 38.5178 5.443316834431006 1248.17 13.567 57.16370570264766 982
