0 4.159375 4.159375
10 5.49140625 9.65078125
20 5.31171875 14.9625
30 5.325 20.2875
40 5.63125 25.91875
50 5.15859375 31.07734375
60 5.7578125 36.83515625
70 5.49140625 42.3265625
80 5.325 47.6515625
90 5.82421875 53.47578125
100 4.9921875 58.46796875
110 5.8109375 64.27890625
120 5.82421875 70.103125
130 4.9921875 75.0953125
140 5.6578125 80.753125
150 5.64453125 86.39765625
160 5.31171875 91.709375
170 5.49140625 97.20078125
180 5.478125 102.67890625
190 5.63125 108.31015625
200 5.47734375 113.7875
210 5.1453125 118.9328125
220 5.9640625 124.896875
230 5.271875 130.16875
240 5.31171875 135.48046875
250 5.6171875 141.09765625
260 5.64453125 146.7421875
270 5.2984375 152.040625
280 5.10546875 157.14609375
290 5.8109375 162.95703125
292 0.83203125 163.7890625
