0 2.5 321.16835999999995 379.81470422498177 1248.331 20.53 0 0
10 3.3 63.15636363636361 34.67554212184038 1248.331 17.766 321.16835999999995 25
20 3.2 47.307874999999996 63.93943233969062 1248.331 15.719 174.36843103448274 58
30 3.2 35.5960625 14.112531886450912 1248.331 15.719 129.1913444444444 90
40 3.4 57.02932352941176 34.3198114657174 1248.331 15.719 104.64176229508195 122
50 3.1 33.77635483870969 13.549487433582103 1248.331 15.719 94.26469230769229 156
60 3.5 43.642485714285726 32.983334056867854 1248.331 13.902 84.2372139037433 187
70 3.3 51.618484848484854 36.55019055467568 1248.331 13.902 77.83714414414413 222
80 3.2 35.9790625 12.374412155072006 1248.331 13.902 74.44414117647058 255
90 3.5 47.30811428571429 23.65849870586699 1248.331 13.902 70.15535191637629 287
100 3 54.11093333333336 69.09558619667557 1248.331 13.902 67.67195652173912 322
110 3.5 60.1769142857143 41.22906957085458 1248.331 13.902 66.51618749999999 352
120 3.5 44.87908571428573 30.78236382399268 1248.331 13.902 65.94286821705425 387
130 3 44.50326666666667 19.220570756238107 1248.331 13.902 64.19587203791468 422
140 3.4 101.63282352941177 76.47451038109156 1248.331 13.902 62.88884070796459 452
150 3.4 88.09997058823531 77.48434578047714 1248.331 13.902 65.59932510288064 486
160 3.2 75.61731249999998 65.59526832089219 1248.331 13.902 67.07052115384613 520
170 3.3 43.59439393939393 34.8638734612722 1248.331 13.902 67.56598731884056 552
180 3.3 41.91230303030303 26.412936297344274 1248.331 13.902 66.21374358974357 585
190 3.4 39.700411764705876 16.71858278562695 1248.331 13.902 64.91609385113266 618
200 3.3 41.50454545454544 23.675118127881554 1248.331 13.902 63.60116564417176 652
210 3.1 63.884806451612896 43.886537873004606 1248.331 13.902 62.53665693430655 685
220 3.6 42.84161111111111 24.047545921543957 1248.331 13.902 62.59502653631282 716
230 3.2 39.29743749999999 26.348859429700052 1248.331 13.902 61.64938430851062 752
240 3.2 51.52806249999999 40.25806488063719 1248.331 13.902 60.73705994897957 784
250 3.4 38.67761764705881 18.157818367943264 1248.331 13.902 60.37592279411763 816
260 3.4 34.19152941176471 12.674475228109385 1248.331 13.902 59.50799058823527 850
270 3.2 40.20259374999999 15.4785851559085 1248.331 13.902 58.5342805429864 884
280 3.1 68.22112903225805 97.60707250774269 1248.331 13.902 57.893872270742335 916
290 3.5 34.87394285714287 16.51918476359768 1248.331 13.902 58.23193453009501 947
292 0.5 38.7296 5.437765813272947 1248.331 13.902 57.399419551934805 982
